Linear 2 3
-1.46930134782 0.858535456641 0.807053175904
0.941763776488 1.13787389242 -0.930276198639
-0.0743671489249 -0.08835528652 -0.261010169768
Tanh
Linear 3 15
1.46650044014 0.70035635872 0.172228978025 0.733291012866 0.354121983357 0.993384922083 0.0499673932413 -0.861473458101 0.0468566292868 -0.697654219346 1.14255996068 -1.0051089961 -1.66351940351 0.457935965398 0.163594137208
0.318499027849 0.896878095899 -0.638637814341 -0.303531204557 -0.275519721233 0.0255369409665 -0.24942259897 0.130950641814 1.53508248277 0.0813841392093 0.182654082236 0.419443876216 -1.14906535827 0.12654404816 0.835150054109
-1.48551767359 0.590129313811 0.0656216804188 -1.29557256875 -0.39392504629 -0.862729789813 0.121536167437 0.150751791774 0.14607807505 -0.492606184393 -0.351236316547 0.601027177101 1.43944946658 -0.692752845678 -0.15284169555
0.982531659716 -0.0560802822342 0.345173243181 -0.485844751586 0.00228397130712 -0.730583377259 -0.313795182404 -0.251293137471 0.0805209332898 -0.029721876782 -0.578048467806 -0.175571796696 -0.540325633261 0.193820649995 0.0790396592634
Tanh
Linear 15 15
-0.434238130159 0.0511130673129 -0.228382198078 -0.346437455195 0.454132090715 0.298030554027 -0.449693752257 -0.312508066347 0.141264416853 0.0126329405609 -0.393229119707 0.431274112491 -0.153202459272 -1.01086337976 -0.0859992199543
0.842352555788 0.231609409829 0.398344588385 0.136108320985 -0.101585162289 -0.239525191777 -0.0749035691186 -0.204108379462 0.312619766755 -0.160477462291 -0.152487663657 0.183034681331 0.0992628268823 0.410247994049 0.117022103878
-0.143719018597 -0.0108841877599 0.0212386803761 -0.0540996762764 0.144093524349 0.124021289738 -0.311069027001 -0.0843561055041 -0.37657303362 0.204605959406 -0.448362373479 -0.199129537097 0.00718509770453 0.330967017576 -0.0520236103172
0.242766324279 0.111023441492 -0.127906306431 0.212344682941 0.107014636981 0.175208526451 -0.235100410111 0.156319772375 -0.105363574459 -0.691403441785 0.159456875651 0.542004484243 0.312896678668 0.411468771892 0.0448890274143
-0.23896097071 -0.364163392126 -0.0307095090186 0.0519611318892 0.0273800155643 0.462296934995 0.00691836324948 0.30296990866 -0.118502923398 0.0515044286333 -0.00518796602442 0.114062861366 0.423496967981 0.0919292449109 -0.080235390969
0.85642039277 -0.00672830507536 0.170824325837 0.135135666145 0.110047847495 -0.12399829811 -0.177448361118 0.429946817857 -0.0526172459316 -0.107665709366 0.139868450746 0.0551965624579 0.377261813911 0.450711405754 -0.015782940589
-0.183412077225 -0.143499374815 0.232914520068 0.159436787292 -0.512220207383 -0.158387267076 -0.0544973034001 0.133047536558 -0.405479177222 -0.11190459902 0.0923057104687 -0.00776750793638 0.13463257502 -0.381963810674 0.0616114483484
-0.093569178827 0.540446489134 -0.378759263332 0.345449787308 -0.413485887644 -0.441317244184 0.278950496975 0.114398879041 0.326692902172 0.083486409515 0.29637486689 0.1604546794 -0.16517640844 -0.37185368611 -0.281392198167
-0.388801832706 0.370400971123 0.167441524737 0.129772139319 0.288545714717 0.316242788796 -0.20910778917 0.493882607893 0.668421608682 -0.167818787776 0.184758811783 -0.0615641037442 0.244004028321 0.695094439664 -0.203108511984
-0.155049844323 0.444491978014 -0.0661897188956 0.111421832604 0.263819443752 -0.575029174044 0.0727998293773 0.160592488618 -0.204485368149 0.285168278603 -0.166303982536 -0.283819963722 -0.208432484523 -0.188195062569 -0.367388674375
0.347022968496 -0.394948028602 0.0239752223496 0.387960408336 0.183554719998 -0.191001891101 0.355492973714 -0.0326495497279 0.133758594569 0.11318121265 -0.338542297353 -0.0233471593693 0.223705949243 0.303197534082 0.0687609575287
-0.878351663744 -0.214624924896 -0.236411108768 0.0579627631348 -0.647503734866 -0.24577135153 0.0442069679652 0.479705885603 0.446828015876 -0.00840974219436 0.199176601812 -0.181303668253 -0.256759270907 -0.0672981317858 0.308416554482
0.269940674202 0.209560415439 0.260291324388 0.333459694866 -0.339338062137 0.237604261932 0.477619328871 0.0116888075617 -0.288590050507 0.204046490105 0.958152335956 0.335299807897 0.149596491861 0.711406459748 0.0464140084949
-0.0150576075912 -0.121590468116 -0.0432289921561 0.46699082413 0.247988340059 -0.130473984018 -0.507837329597 -0.173646737177 0.0519024058093 -0.19661325283 -0.266047210067 0.262834842501 0.147603390999 0.0279976077779 0.041423093314
0.45596052634 -0.222162380517 0.329549427993 0.0784656564227 0.132833495338 -0.190358816089 -0.125446526429 0.190886936633 0.412200337087 0.0949152246154 -0.353008301473 -0.160690969236 -0.357114233754 0.468124545066 0.183246339374
-0.200320202164 0.0547676086126 0.0164216975771 0.334058800976 0.283917617795 0.0467328998723 -0.162075346991 -0.0585546684454 0.286932844072 -0.175165130153 -0.338202622108 -0.0135647219726 -0.0105022633049 0.241592269934 0.0342973104019
Tanh
Linear 15 3
0.740424610661 0.57756449039 0.174200162935
-0.272276847409 0.200122626719 0.0099174575642
0.301882569555 0.228542736203 -0.326210095357
0.748589725403 -0.0424267362268 0.0765220314917
-0.389703747982 0.0811013407502 0.409811522513
0.0276792472976 0.272080799858 0.0530072625409
0.342938034482 0.150705199226 -0.160351342176
0.21871278742 -0.0115692014693 -0.356010755351
0.895777321545 0.123449160734 0.409135281914
-0.0831972253065 0.0606475669731 -0.322021956273
0.384138121736 0.110559118292 -0.729637002776
0.101285076243 0.233014729199 0.175538750988
0.367193390227 0.0444814800567 -0.0590086177079
0.962146665919 0.32999405766 -0.54543127672
-0.0353699907413 0.167823883792 0.0629053848995
0.257717958002 0.0875237437232 0.156058651875
Tanh
Linear 3 2
-2.35360742948 2.64613367227
-0.784825300118 0.565687475389
0.334637097774 -1.18678921768
-0.494498687829 0.494498687829
SoftMax
